cam_model: Pinhole
cam_width: 720
cam_height: 540
cam_fx: 351.31400364193297
cam_fy: 351.4911744656785
cam_cx: 367.8522793375995
cam_cy: 253.8402144980996
cam_d0: -0.03696737352869157
cam_d1: -0.008917880497032812
cam_d2: 0.008912969593422046
cam_d3: -0.0037685977496087313